1759241837432
1759241839200
1759241839585
1759241839743
1759322945719
1759322945899
1759322952528
1759322952697
1759322952707
1759322952964
1759322953196
1759322953426
1759322953639
1759322982742
1759322983015
1759322984408
1759322984595
1759323126924
1759323127011
1759323145974
1759323146062
1759323148733
1759323149185
1759323149372
1759323149582
1759323150023
1759323150198
1759323150360
1759323150499
1759323175226
1759323175337
1759323175517
1759323177606
1759323178121
1759323178560
1759323179312
1759323179494
1759323180733
1759323182694
1759323206579
1759323206679
1759324631928
1759324632021
1759324839210
1759325426205
1759325426413
1759325434073
1759325434265
1759326318022
1759326318216
1759326321106
1759326323480
1759326339895
1759326339991
